EPSG:4326
-111.76697301537703 41.24915938667373 1496.366 4181.0 2824.0 DSC00011.JPG gcp5
-111.76697301537703 41.24915938667373 1496.366 4211.0 1736.0 DSC00012.JPG gcp5
-111.76697301537703 41.24915938667373 1496.366 4162.0 638.0 DSC00013.JPG gcp5
-111.76697301537703 41.24915938667373 1496.366 7420.0 3765.0 DSC00028.JPG gcp5
-111.76697301537703 41.24915938667373 1496.366 7364.0 2761.0 DSC00029.JPG gcp5
-111.76697301537703 41.24915938667373 1496.366 7179.0 1768.0 DSC00030.JPG gcp5
-111.76697301537703 41.24915938667373 1496.366 7221.0 654.0 DSC00031.JPG gcp5
-111.76791831540493 41.25010565690703 1495.25 571.0 4628.0 DSC00036.JPG gcp4
-111.76791831540493 41.25010565690703 1495.25 559.0 3672.0 DSC00037.JPG gcp4
-111.76791831540493 41.25010565690703 1495.25 577.0 1815.0 DSC00038.JPG gcp4
-111.76791831540493 41.25010565690703 1495.25 666.0 1246.0 DSC00039.JPG gcp4
-111.76791831540493 41.25010565690703 1495.25 5964.0 4951.0 DSC00056.JPG gcp4
-111.76791831540493 41.25010565690703 1495.25 5965.0 3928.0 DSC00057.JPG gcp4
-111.76791831540493 41.25010565690703 1495.25 5982.0 2922.0 DSC00058.JPG gcp4
-111.76791831540493 41.25010565690703 1495.25 5950.0 1874.0 DSC00059.JPG gcp4
-111.76791831540493 41.25010565690703 1495.25 5970.0 839.0 DSC00060.JPG gcp4
-111.76791831540493 41.25010565690703 1495.25 4411.0 990.0 DSC00061.JPG gcp4
-111.768517897111 41.2493323781924 1495.149 2550.0 4567.0 DSC00087.JPG gcp3
-111.768517897111 41.2493323781924 1495.149 2551.0 3531.0 DSC00088.JPG gcp3
-111.768517897111 41.2493323781924 1495.149 2585.0 2491.0 DSC00089.JPG gcp3
-111.768517897111 41.2493323781924 1495.149 2515.0 1498.0 DSC00090.JPG gcp3
-111.768517897111 41.2493323781924 1495.149 2641.0 383.0 DSC00091.JPG gcp3
-111.76791831540493 41.25010565690703 1495.25 7102.0 3698.0 DSC00095.JPG gcp4
-111.76791831540493 41.25010565690703 1495.25 7036.0 2556.0 DSC00096.JPG gcp4
-111.76791831540493 41.25010565690703 1495.25 7060.0 1538.0 DSC00097.JPG gcp4
-111.76791831540493 41.25010565690703 1495.25 7061.0 541.0 DSC00098.JPG gcp4
-111.76914140046681 41.25069357625804 1496.742 6754.0 4582.0 DSC00118.JPG gcp1
-111.76914140046681 41.25069357625804 1496.742 6749.0 3477.0 DSC00119.JPG gcp1
-111.76914140046681 41.25069357625804 1496.742 6763.0 2425.0 DSC00120.JPG gcp1
-111.76914140046681 41.25069357625804 1496.742 6725.0 1382.0 DSC00121.JPG gcp1
-111.76914140046681 41.25069357625804 1496.742 6760.0 366.0 DSC00122.JPG gcp1
-111.7690417588799 41.250006406422386 1495.478 6164.0 4981.0 DSC00124.JPG gcp2
-111.7690417588799 41.250006406422386 1495.478 6105.0 3953.0 DSC00125.JPG gcp2
-111.7690417588799 41.250006406422386 1495.478 6132.0 2841.0 DSC00126.JPG gcp2
-111.7690417588799 41.250006406422386 1495.478 6136.0 1804.0 DSC00127.JPG gcp2
-111.7690417588799 41.250006406422386 1495.478 6048.0 814.0 DSC00128.JPG gcp2
-111.768517897111 41.2493323781924 1495.149 2388.0 4235.0 DSC00131.JPG gcp3
-111.768517897111 41.2493323781924 1495.149 2392.0 3218.0 DSC00132.JPG gcp3
-111.768517897111 41.2493323781924 1495.149 2380.0 2194.0 DSC00133.JPG gcp3
-111.768517897111 41.2493323781924 1495.149 2508.0 1091.0 DSC00134.JPG gcp3
-111.768517897111 41.2493323781924 1495.149 2473.0 129.0 DSC00135.JPG gcp3
-111.7690417588799 41.250006406422386 1495.478 5372.0 5031.0 DSC00159.JPG gcp2
-111.7690417588799 41.250006406422386 1495.478 5476.0 3913.0 DSC00160.JPG gcp2
-111.7690417588799 41.250006406422386 1495.478 5418.0 2813.0 DSC00161.JPG gcp2
-111.7690417588799 41.250006406422386 1495.478 5409.0 1825.0 DSC00162.JPG gcp2
-111.7690417588799 41.250006406422386 1495.478 5476.0 713.0 DSC00163.JPG gcp2
-111.76914140046681 41.25069357625804 1496.742 4817.0 4408.0 DSC00166.JPG gcp1
-111.76914140046681 41.25069357625804 1496.742 4881.0 3307.0 DSC00167.JPG gcp1
-111.76914140046681 41.25069357625804 1496.742 4867.0 2170.0 DSC00168.JPG gcp1
-111.76914140046681 41.25069357625804 1496.742 4793.0 1150.0 DSC00169.JPG gcp1
-111.76914140046681 41.25069357625804 1496.742 4854.0 96.0 DSC00170.JPG gcp1
